105
3 100
1 73
103 100
196 99
3 99
999999999 3
98 100
3 1
3 5
3 2
128124448 100
3 4
97 99
1000000000 3
201 99
201 100
101 100
8 3
9 3
2 2
999999999 100
1000000000 99
6 2
200 100
1000000000 40
203 100
1000000000 2
4 7
999999999 2
140386937 94
5 2
4 9
4 4
6 3
876389147 87
443452894 88
2 100
27387596 54
800744567 72
1000000000 94
99 100
4 3
202 100
3 7
97 100
100 100
197 100
3 6
411787879 54
197 99
2 5
102 100
1 100
4 8
4 2
138 6
4 1
999999999 99
1000000000 1
997184809 100
98 99
146755893 1
99 99
1 31
5 1
670528042 10
4 6
5 3
96 99
417021999 1
2 1
417304805 46
4 5
412538846 2
199 99
1 1
198 100
236088977 100
593065517 43
2 3
114382 1
524548163 21
1 99
3 3
198 99
101 99
195 99
7 2
1 2
1 3
783314473 84
2 4
558689828 44
396767469 94
199 100
7 3
102 99
999999999 1
829603365 4
1000000000 100
2 99
200 99
538816732 85
1 10
100 99
